4 
3 
20 50 15 100
4 5 10 21 
2 100 11 51
10 1 10 10 
-1 -1 -1 
-1 9 -1 
-1 -1 -1 
4 
3 
1 2 3 4 
1 0 0 0 
3 10 0 1 
1 0 0 50 
-1 -1 -1 
-1 9 -1 
-1 -1 -1 
4 
3 
1 2 3 4 
1 0 0 0 
3 10 0 1 
1 0 0 50 
-2 -2 -2
-1 1 1 
2 2 2 
8 
3 
1 2 3 4 1 0 10 50 
1 0 0 0 3 7 0 1
3 10 0 1 1 0 0 50 
1 0 2 50 1 2 0 0
3 10 0 1 1 0 0 50 
1 0 0 50 1 3 0 0 
3 10 0 1 1 0 12 50 
1 3 0 50 1 13 0 0  
-2 -2 -2
-1 1 1 
2 2 2 
8 
3 
1 2 3 4 1 0 10 50 
1 0 0 0 3 7 0 1
3 10 0 1 1 0 0 50 
1 0 2 50 1 2 0 0
3 10 0 1 1 0 0 50 
1 0 0 50 1 3 0 0 
3 10 0 1 1 0 12 50 
1 3 0 50 1 13 0 0  
-1 -1 -1 
-1 9 -1 
-1 -1 -1 
4 
3 
1 2 3 4 
1 0 0 0 
3 10 0 1 
1 0 0 50 
0 1 0
1 -1 1 
0 1 0 
5 
3 
30 25 40 41 7 
40 40 42 46 45
52 56 58 10 15
33 46 18 70 65
77 36 12 14 41 
0 0 0
-1 1 0 
0 0 0 
5 
3 
30 25 40 41 7 
40 40 42 46 45
52 56 58 10 15
33 46 18 70 65
77 36 12 14 41 
0 -1 0
-1 5 -1 
0 -1 0 
4 
3 
1 2 3 4 
1 0 0 0 
3 10 0 1 
1 0 0 50 
0 1 0
1 -4 1 
0 1 0 
8 
3 
1 2 3 4 1 0 10 50 
1 0 0 0 3 7 0 1
3 10 0 1 1 0 0 50 
1 0 2 50 1 2 0 0
3 10 0 1 1 0 0 50 
1 0 0 50 1 3 0 0 
3 10 0 1 1 0 12 50 
1 3 0 50 1 13 0 0  
-1 -1 -1 
-1 8 -1
-1 -1 -1