5
100
0  1  2  8   8   8   7   50   50   0   0   10   10  100   20   4   51 52  53   54    20  40   4  5   6   7   8    51 52  53  0  1  2  8   8   8   7   50   50   0   0   10   10  100   20   4   51 52  53   54    20  40   4  5   6   7   8    51 52  53  0  1  2  8   8   8   7   50   50   0   0   10   10  100   20   4   51 52  53   54    20  40   4  5   6   7   8    51 52  53  100 0 1 2 8 8 8 50 50 0 
100
10   20   21   22   23   24   25   0  0  0  10  12  14  10  12  14  10  12 14  17  18  20  21  22  23  24   25    20  21  22  23  24   25    20  21  22  23  24   25    20  21  22  23  24   25    100  101  102  103  104 105  10   20   21   22   23   24   25   0  0  0  10  12  14  10  12  14  10  12 14  17  18  20  21  22  23  24   25    20  21  22  23  24   25    20  21  22  23  24   25    20  21  22  23  24   25    100  101  102  103  
100
10  21 12  28   81   82   74   50   50   10   10   15   10  100   20   4   51 52  53   54    20  40   4  5   6   7   8    51 52  53  0  1  2  8   8   8   7   50   50   10   10   21   22  23   24   24   51 52  53   54    20  40   4  5   6   7   8    51 52  53  0  1  2  8   8   8   7   50   50   0   0   10   10  100   20   4   51 52  53   54    20  40   4  5   6   7   8    51 52  53  100 0 0 0 0 1 1 1 1 1
200
50  51  52 53   0   1   2   8   8   0   0   10   10  100   20   4   51 52  53   54    20  40   4  5   6   7   8    51 52  53  0  1  2  8   8   8   7   50   50   100   100   10   10  100   20   4   51 52  53   54    20  40   4  5   6   7   8    51 52  53  0  1  2  8   8   0  0   10    50   0   0   10   10  100   20   4   51  52  53   54    20  40   4  5   6   7   8    51 52  53  100 0  1  2  8   8   8   7   50   50   0   0   10   10  100   20   4   51 52  53   54    20  40   4  5   6   7   8    51 52  53  0  1  2  8   8   8   7   50   51   52   53   10   10  100   20   4   51 52  53   54    20  40   4  5   6   7   8    51 52  53  100  11  12  18   18   18   17   50   50   0   0   10   10  100   20   4   51 52  53   54    20  40   4  5   6   7   8    51 52  53  100 0 0 0 0 0 1 1 1 2 2 2 8 8 8 10 10 10 10
500
0  1  2  8   8   8   7   50   50   0   0   10   10  100   20   4   51 52  53   54    20  40   4  5   6   7   8    51 52  53  0  1  2  8   8   8   7   50   50   0   0   10   10  100   20   4   51 52  53   54    20  40   4  5   6   7   8    51 52  53  0  1  2  8   8   8   7   50   50   0   0   10   10  100   20   4   51 52  53   54    20  40   4  5   6   7   8    51 52  53  100 0 1 2 8 8 8 50 50 0 
0  1  2  8   8   8   7   50   50   0   0   10   10  100   20   4   51 52  53   54    20  40   4  5   6   7   8    51 52  53  0  1  2  8   8   8   7   50   50   0   0   10   10  100   20   4   51 52  53   54    20  40   4  5   6   7   8    51 52  53  0  1  2  8   8   8   7   50   50   0   0   10   10  100   20   4   51 52  53   54    20  40   4  5   6   7   8    51 52  53  100 0 1 2 8 8 8 50 50 0 
0  1  2  8   8   8   7   50   50   0   0   10   10  100   20   4   51 52  53   54    20  40   4  5   6   7   8    51 52  53  0  1  2  8   8   8   7   50   50   0   0   10   10  100   20   4   51 52  53   54    20  40   4  5   6   7   8    51 52  53  0  1  2  8   8   8   7   50   50   0   0   10   10  100   20   4   51 52  53   54    20  40   4  5   6   7   8    51 52  53  100 0 1 2 8 8 8 50 50 0 
0  1  2  8   8   8   7   50   50   0   0   10   10  100   20   4   51 52  53   54    20  40   4  5   6   7   8    51 52  53  0  1  2  8   8   8   7   50   50   0   0   10   10  100   20   4   51 52  53   54    20  40   4  5   6   7   8    51 52  53  0  1  2  8   8   8   7   50   50   0   0   10   10  100   20   4   51 52  53   54    20  40   4  5   6   7   8    51 52  53  100 0 1 2 8 8 8 50 50 0 
0  1  2  8   8   8   7   50   50   0   0   10   10  100   20   4   51 52  53   54    20  40   4  5   6   7   8    51 52  53  0  1  2  8   8   8   7   50   50   0   0   10   10  100   20   4   51 52  53   54    20  40   4  5   6   7   8    51 52  53  0  1  2  8   8   8   7   50   50   0   0   10   10  100   20   4   51 52  53   54    20  40   4  5   6   7   8    51 52  53  100 0 1 2 8 8 8 50 50 0 